55.369,10.4321
55.369,10.432
55.369,10.4321
55.369,10.4321
55.369,10.432
55.369,10.432
55.369,10.432
55.369,10.432
55.369,10.432
55.369,10.432
55.369,10.432
55.369,10.432
55.369,10.432
55.369,10.432
55.369,10.432
55.369,10.432
55.369,10.432
55.369,10.432
55.369,10.432
55.369,10.432
55.369,10.432
55.369,10.432
55.369,10.432
55.369,10.432
55.369,10.432
55.369,10.432
55.369,10.432
55.369,10.432
55.369,10.432
55.369,10.432
55.369,10.432
55.369,10.432
55.369,10.432
55.369,10.432
55.369,10.432
55.369,10.432
55.369,10.432
55.369,10.432
55.369,10.432
55.369,10.432
55.369,10.432
55.369,10.432
55.369,10.432
55.369,10.432
55.369,10.432
55.369,10.432
55.369,10.432
55.369,10.432
55.369,10.432
55.369,10.432
55.369,10.432
55.369,10.432
55.369,10.432
55.369,10.432
55.369,10.4321
55.369,10.4321
55.369,10.4321
55.369,10.4321
55.369,10.4321
55.369,10.4321
55.369,10.4321
55.369,10.4321
55.369,10.4321
55.369,10.4321
55.369,10.4321
55.369,10.4321
55.369,10.4321
55.369,10.4321
55.369,10.4321
55.369,10.4321
55.369,10.4321
55.369,10.4321
55.369,10.4321
55.369,10.4321
55.369,10.4321
55.369,10.4321
55.369,10.432
55.369,10.4321
55.369,10.4321
55.369,10.4321
55.369,10.4321
55.369,10.4321
55.369,10.4321
55.369,10.4321
55.369,10.4321
55.369,10.4321
55.369,10.4321
55.369,10.4321
55.369,10.4321
55.369,10.432
55.369,10.432
55.369,10.432
55.369,10.4321
55.369,10.4321
55.369,10.4321
55.369,10.4321
55.369,10.4321
55.369,10.4321
55.369,10.4321
55.369,10.4321
55.369,10.4321
55.369,10.4321
55.369,10.4321
55.369,10.4321
55.369,10.4321
55.369,10.4321
55.369,10.4321
55.369,10.4321
55.369,10.4321
55.369,10.4321
55.369,10.4321
55.369,10.4321
55.369,10.4321
55.369,10.4321
55.369,10.4321
55.369,10.4321
55.369,10.4321
55.369,10.4321
55.369,10.4321
55.369,10.432
55.369,10.432
55.369,10.432
55.369,10.432
55.369,10.432
55.369,10.432
55.369,10.432
55.369,10.432
55.369,10.432
55.369,10.432
55.369,10.432
55.369,10.432
55.369,10.432
55.369,10.432
55.369,10.432
55.369,10.432
55.369,10.432
55.369,10.432
55.369,10.432
55.369,10.432
55.369,10.432
55.369,10.432
55.369,10.432
55.369,10.432
55.369,10.432
55.369,10.432
55.369,10.432
55.369,10.432
55.369,10.432
55.369,10.432
55.369,10.432
55.369,10.432
55.369,10.432
55.369,10.432
55.369,10.432
55.369,10.432
55.369,10.432
55.369,10.432
55.369,10.432
55.369,10.432
55.369,10.432
55.369,10.432
55.369,10.4321
55.369,10.4321
55.369,10.4321
55.369,10.4321
55.369,10.4321
55.369,10.4321
55.369,10.4321
55.369,10.4321
55.369,10.4321
55.369,10.4321
55.369,10.4321
55.369,10.4321
55.369,10.4321
55.369,10.4321
55.369,10.4321
55.369,10.4321
55.369,10.4321
55.369,10.4321
55.369,10.4321
55.369,10.4321
55.369,10.4321
55.369,10.4321
55.369,10.4321
55.369,10.4321
55.369,10.432
55.369,10.432
55.369,10.432
55.369,10.432
55.369,10.432
55.369,10.432
55.369,10.432
55.369,10.432
55.369,10.432
55.369,10.432
55.369,10.432
55.369,10.432
55.369,10.432
55.369,10.432
55.369,10.432
55.369,10.432
55.369,10.432
55.369,10.432
55.369,10.432
55.369,10.432
55.369,10.432
55.369,10.432
55.369,10.432
55.369,10.432
55.369,10.432
55.369,10.432
55.369,10.432
55.369,10.4319
55.369,10.4319
55.369,10.4319
55.369,10.4319
55.369,10.4319
55.369,10.4319
55.369,10.4319
55.369,10.4319
55.369,10.4319
55.369,10.4319
55.3691,10.4319
55.3691,10.4319
55.369,10.4319
55.3691,10.4319
55.3691,10.4319
55.3691,10.4319
55.3691,10.4319
55.3691,10.4319
55.3691,10.4318
55.3691,10.4318
55.3691,10.4318
55.3691,10.4318
55.3691,10.4318
55.3691,10.4318
55.3691,10.4318
55.3691,10.4318
55.3691,10.4318
55.3691,10.4318
55.3691,10.4318
55.3691,10.4318
55.3691,10.4318
55.3691,10.4318
55.3691,10.4318
55.3691,10.4318
55.3691,10.4318
55.3691,10.4317
55.3691,10.4317
55.3691,10.4317
55.3691,10.4317
55.3691,10.4317
55.3691,10.4317
55.3691,10.4317
55.3691,10.4317
55.3691,10.4317
55.3691,10.4317
55.3691,10.4317
55.3691,10.4317
55.3691,10.4317
55.3691,10.4317
55.3691,10.4317
55.3691,10.4317
55.3691,10.4317
55.3691,10.4317
55.3691,10.4317
55.3691,10.4317
55.3691,10.4317
55.3691,10.4317
55.3691,10.4317
55.3691,10.4317
55.3691,10.4317
55.3691,10.4317
55.3691,10.4317
55.3691,10.4317
55.3691,10.4317
55.3691,10.4317
55.3691,10.4317
55.3691,10.4317
55.3691,10.4317
55.3691,10.4317
55.3691,10.4317
55.3691,10.4317
55.3691,10.4317
55.3691,10.4317
55.3691,10.4317
55.3691,10.4317
55.3691,10.4317
55.3691,10.4317
55.3691,10.4317
55.3691,10.4317
55.3691,10.4317
55.3691,10.4317
55.3691,10.4317
55.3691,10.4317
55.3691,10.4318
55.3691,10.4318
55.3691,10.4318
55.3691,10.4318
55.3691,10.4318
55.3691,10.4318
55.3691,10.4318
55.3691,10.4318
55.3691,10.4318
55.3691,10.4318
55.3691,10.4318
55.3691,10.4318
55.3691,10.4318
55.3691,10.4318
55.3691,10.4318
55.3691,10.4318
55.3691,10.4318
55.3691,10.4318
55.3691,10.4318
55.3691,10.4318
55.3691,10.4318
55.3691,10.4318
55.3691,10.4318
55.3691,10.4318
55.3691,10.4318
55.3691,10.4318
55.3691,10.4318
55.3691,10.4318
55.3691,10.4318
55.3691,10.4318
55.3691,10.4318
55.369,10.4318
55.369,10.4318
55.369,10.4318
55.369,10.4318
55.369,10.4318
55.369,10.4318
55.369,10.4318
55.369,10.4318
55.369,10.4318
55.369,10.4318
55.369,10.4318
55.369,10.4318
55.369,10.4318
55.369,10.4318
55.369,10.4318
55.369,10.4318
55.369,10.4318
55.369,10.4318
55.369,10.4318
55.369,10.4318
55.369,10.4319
55.369,10.4319
55.369,10.4319
55.369,10.4319
55.369,10.4319
55.369,10.4319
55.369,10.4319
55.369,10.4319
55.369,10.4319
55.369,10.4319
55.369,10.4319
55.369,10.4319
55.369,10.4319
55.369,10.4319
55.369,10.4319
55.369,10.4319
55.369,10.4319
55.369,10.4319
55.369,10.4319
55.369,10.4319
55.369,10.4319
55.369,10.4319
55.369,10.4319
55.369,10.4319
55.369,10.4319
55.369,10.4319
55.369,10.4319
55.369,10.4319
55.369,10.4319
55.369,10.4319
55.369,10.4319
55.369,10.4319
55.369,10.4319
55.369,10.4319
55.369,10.4319
55.369,10.4319
55.369,10.4319
55.369,10.4319
55.369,10.4319
55.369,10.4319
55.369,10.4319
55.369,10.4319
55.369,10.4319
55.369,10.4319
55.369,10.4319
55.369,10.4319
55.369,10.4319
55.369,10.4319
55.369,10.4319
55.369,10.4319
55.369,10.4319
55.369,10.4319
55.369,10.4319
55.369,10.4319
55.369,10.4319
55.369,10.4319
55.369,10.4319
55.369,10.4319
55.369,10.4319
55.369,10.4319
55.369,10.4319
55.369,10.4319
55.369,10.4319
55.369,10.4319
55.369,10.4319
55.369,10.4319
55.369,10.4319
55.369,10.4319
55.369,10.4319
55.369,10.4319
55.369,10.4319
55.369,10.4319
55.369,10.4319
55.369,10.4319
55.369,10.4319
55.369,10.4319
55.369,10.4319
55.369,10.4319
55.369,10.4319
55.369,10.4319
55.369,10.4319
55.369,10.4319
55.369,10.4319
55.369,10.4319
55.369,10.4319
55.369,10.4319
55.369,10.4319
55.369,10.4319
55.369,10.4319
55.369,10.4319
55.369,10.4319
55.369,10.4319
55.369,10.432
55.369,10.432
55.369,10.432
55.369,10.432
55.369,10.432
55.369,10.432
55.369,10.432
55.369,10.432
55.369,10.432
55.369,10.432
55.369,10.432
55.369,10.432
55.369,10.432
55.369,10.432
55.369,10.432
55.369,10.432
55.369,10.432
55.369,10.432
55.369,10.432
55.369,10.432
55.369,10.432
55.369,10.432
55.369,10.432
55.369,10.432
55.369,10.432
55.369,10.432
55.369,10.432
55.369,10.432
55.369,10.432
55.369,10.432
55.369,10.432
55.369,10.432
55.369,10.432
55.369,10.432
55.369,10.432
55.369,10.432
55.369,10.432
55.369,10.432
55.369,10.432
55.369,10.432
55.369,10.432
55.369,10.432
55.369,10.432
55.369,10.432
55.369,10.432
55.369,10.432
55.369,10.432
55.369,10.432
55.369,10.432
55.369,10.432
55.369,10.432
55.369,10.432
55.369,10.432
55.369,10.432
55.369,10.432
55.369,10.432
55.369,10.432
55.369,10.432
55.369,10.432
55.369,10.432
55.369,10.432
55.369,10.432
55.369,10.432
55.369,10.432
55.369,10.432
55.369,10.432
55.369,10.432
55.369,10.432
55.369,10.432
55.369,10.432
55.369,10.432
55.369,10.432
55.369,10.432
55.369,10.432
55.369,10.432
55.369,10.432
55.369,10.432
55.369,10.432
55.369,10.432
55.369,10.432
55.369,10.432
55.369,10.432
55.369,10.432
55.369,10.432
55.369,10.432
55.369,10.432
55.369,10.432
55.369,10.432
55.369,10.432
55.369,10.432
55.369,10.432
55.369,10.432
55.369,10.432
55.369,10.432
55.369,10.432
55.369,10.432
55.369,10.432
55.369,10.432
55.369,10.432
55.369,10.432
55.369,10.432
55.369,10.432
55.369,10.432
55.369,10.432
55.369,10.432
55.369,10.432
55.369,10.432
55.369,10.432
55.369,10.432
55.369,10.432
55.369,10.432
55.369,10.432
55.369,10.432
55.369,10.432
55.369,10.432
55.369,10.432
55.369,10.432
55.369,10.432
55.369,10.432
55.369,10.432
55.369,10.432
55.369,10.432
55.369,10.432
55.369,10.432
55.369,10.432
55.369,10.432
55.369,10.432
55.369,10.432
55.369,10.432
55.369,10.432
55.369,10.432
55.369,10.432
55.369,10.432
55.369,10.432
55.369,10.432
55.369,10.432
55.369,10.432
55.369,10.432
55.369,10.432
55.369,10.432
55.369,10.432
55.369,10.432
55.369,10.432
55.369,10.432
55.369,10.432
55.369,10.432
55.369,10.432
55.369,10.432
55.369,10.432
55.369,10.432
55.369,10.432
55.369,10.432
55.369,10.432
55.369,10.432
55.369,10.432
55.369,10.432
55.369,10.432
55.369,10.432
55.369,10.432
55.369,10.432
55.369,10.432
55.369,10.432
55.369,10.432
55.369,10.432
55.369,10.432
55.369,10.432
55.369,10.432
55.369,10.432
55.369,10.432
55.369,10.432
55.369,10.432
55.369,10.432
55.369,10.432
55.369,10.432
55.369,10.432
55.369,10.432
55.369,10.432
55.369,10.432
55.369,10.432
55.369,10.432
55.369,10.432
55.369,10.432
55.369,10.432
55.369,10.432
55.369,10.432
55.369,10.432
55.369,10.432
55.369,10.432
55.369,10.432
55.369,10.432
55.369,10.432
55.369,10.432
55.369,10.432
55.369,10.432
55.369,10.432
55.369,10.432
55.369,10.432
55.369,10.432
55.369,10.432
55.369,10.432
55.369,10.432
55.369,10.432
55.369,10.432
55.369,10.432
55.369,10.432
55.369,10.432
55.369,10.432
55.369,10.432
55.369,10.432
55.369,10.432
55.369,10.432
55.369,10.432
55.369,10.432
55.369,10.432
55.369,10.432
55.369,10.432
55.369,10.432
55.369,10.432
55.369,10.432
55.369,10.432
55.369,10.432
55.369,10.432
55.369,10.432
55.369,10.432
55.369,10.432
55.369,10.432
55.369,10.432
55.369,10.432
55.369,10.432
55.369,10.432
55.369,10.432
55.369,10.432
55.369,10.432
55.369,10.432
55.369,10.432
55.369,10.432
55.369,10.432
55.369,10.432
55.369,10.432
55.369,10.432
55.369,10.432
55.369,10.432
55.369,10.432
55.369,10.432
55.369,10.432
55.369,10.432
55.369,10.432
55.369,10.432
55.369,10.432
55.369,10.432
55.369,10.432
55.369,10.432
55.369,10.432
55.369,10.432
55.369,10.432
55.369,10.432
55.369,10.432
55.369,10.432
55.369,10.4319
55.369,10.4319
55.369,10.4319
55.369,10.4319
55.369,10.4319
55.369,10.4319
55.369,10.4319
55.369,10.4319
55.369,10.4319
55.369,10.4319
55.369,10.4319
55.369,10.4319
55.369,10.4319
55.369,10.4319
55.369,10.4319
55.369,10.4319
55.369,10.4319
55.369,10.4319
55.369,10.4319
55.369,10.4319
55.369,10.4319
55.369,10.4319
55.369,10.4319
55.369,10.4319
55.369,10.4319
55.369,10.4319
55.369,10.4319
55.369,10.4319
55.369,10.4319
55.369,10.4319
55.369,10.4319
55.369,10.4319
55.369,10.4318
55.369,10.4318
55.369,10.4318
55.369,10.4318
55.369,10.4318
55.369,10.4318
55.369,10.4318
55.369,10.4318
55.369,10.4318
55.369,10.4318
55.369,10.4318
55.369,10.4318
55.369,10.4318
55.369,10.4318
55.369,10.4318
55.369,10.4318
55.369,10.4318
55.369,10.4318
55.369,10.4318
55.369,10.4318
55.369,10.4318
55.369,10.4318
55.369,10.4318
55.369,10.4318
55.369,10.4317
55.369,10.4317
55.369,10.4317
55.369,10.4317
55.369,10.4317
55.369,10.4317
55.369,10.4317
55.369,10.4317
55.369,10.4317
55.369,10.4317
55.369,10.4317
55.369,10.4317
55.369,10.4317
55.369,10.4317
55.369,10.4317
55.369,10.4317
55.369,10.4317
55.369,10.4317
55.369,10.4317
55.369,10.4317
55.369,10.4317
55.369,10.4317
55.369,10.4317
55.369,10.4317
55.369,10.4317
55.369,10.4316
55.369,10.4316
55.369,10.4316
55.369,10.4316
55.369,10.4316
55.369,10.4316
55.369,10.4316
55.369,10.4316
55.369,10.4316
55.369,10.4316
55.369,10.4316
55.369,10.4316
55.369,10.4316
55.369,10.4316
55.369,10.4316
55.369,10.4316
55.369,10.4316
55.369,10.4316
55.369,10.4316
55.369,10.4316
55.369,10.4316
55.369,10.4316
55.369,10.4316
55.369,10.4316
55.369,10.4315
55.369,10.4315
55.369,10.4315
55.369,10.4315
55.369,10.4315
55.369,10.4315
55.369,10.4315
55.369,10.4315
55.369,10.4315
55.369,10.4315
55.369,10.4315
55.369,10.4315
55.369,10.4315
55.369,10.4315
55.369,10.4315
55.369,10.4315
55.369,10.4315
55.369,10.4315
55.369,10.4315
55.369,10.4315
55.369,10.4315
55.369,10.4315
55.369,10.4314
55.369,10.4314
55.369,10.4314
55.369,10.4314
55.369,10.4314
55.369,10.4314
55.369,10.4314
55.369,10.4314
55.369,10.4314
55.369,10.4314
55.369,10.4314
55.369,10.4314
55.369,10.4314
55.369,10.4314
55.369,10.4314
55.369,10.4314
55.369,10.4314
55.369,10.4314
55.369,10.4314
55.369,10.4314
55.369,10.4314
55.369,10.4314
55.369,10.4313
55.369,10.4313
55.369,10.4313
55.369,10.4313
55.369,10.4313
55.369,10.4313
55.369,10.4313
55.369,10.4313
55.369,10.4313
55.369,10.4313
55.369,10.4313
55.369,10.4313
55.369,10.4313
55.369,10.4313
55.369,10.4313
55.369,10.4313
55.369,10.4313
55.369,10.4313
55.369,10.4313
55.369,10.4313
55.369,10.4313
55.369,10.4313
55.369,10.4313
55.369,10.4313
55.369,10.4313
55.369,10.4313
55.369,10.4313
55.369,10.4313
55.369,10.4313
55.369,10.4313
55.369,10.4313
55.369,10.4313
55.369,10.4312
55.369,10.4312
55.369,10.4312
55.369,10.4312
55.369,10.4312
55.369,10.4312
55.369,10.4312
55.369,10.4312
55.369,10.4312
55.369,10.4312
55.369,10.4312
55.369,10.4312
55.369,10.4312
55.369,10.4312
55.369,10.4312
55.369,10.4312
55.369,10.4312
55.369,10.4312
55.369,10.4312
55.369,10.4312
55.369,10.4312
55.369,10.4312
55.369,10.4312
55.369,10.4312
55.369,10.4312
55.369,10.4312
55.369,10.4312
55.369,10.4312
55.369,10.4312
55.369,10.4312
55.369,10.4312
55.369,10.4312
55.369,10.4312
55.369,10.4312
55.369,10.4312
55.369,10.4312
55.369,10.4312
55.369,10.4312
55.369,10.4312
55.369,10.4312
55.3689,10.4312
55.3689,10.4312
55.3689,10.4312
55.3689,10.4312
55.369,10.4312
55.369,10.4312
55.3689,10.4312
55.3689,10.4312
55.3689,10.4312
55.3689,10.4312
55.3689,10.4312
55.3689,10.4312
55.3689,10.4312
55.3689,10.4312
55.3689,10.4312
55.3689,10.4312
55.3689,10.4312
55.3689,10.4312
55.3689,10.4312
55.3689,10.4312
55.3689,10.4312
55.3689,10.4312
55.3689,10.4312
55.3689,10.4312
55.3689,10.4312
55.3689,10.4312
55.3689,10.4312
55.3689,10.4312
55.3689,10.4312
55.3689,10.4312
55.3689,10.4312
55.3689,10.4312
55.3689,10.4312
55.3689,10.4312
55.3689,10.4312
55.3689,10.4312
55.3689,10.4312
55.3689,10.4312
55.3689,10.4312
55.3689,10.4312
55.3689,10.4312
55.3689,10.4312
55.3689,10.4312
55.3689,10.4312
55.3689,10.4312
55.3689,10.4312
55.3689,10.4312
55.3689,10.4312
55.3689,10.4312
55.3689,10.4312
55.3689,10.4312
55.3689,10.4312
55.3689,10.4312
55.3689,10.4312
55.3689,10.4312
55.3689,10.4312
55.3689,10.4312
55.3689,10.4312
55.3689,10.4312
55.3689,10.4312
55.3689,10.4312
55.3689,10.4312
55.3689,10.4312
55.3689,10.4312
55.3689,10.4312
55.3689,10.4312
55.3689,10.4312
55.3689,10.4312
55.3689,10.4312
55.3689,10.4312
55.3689,10.4312
55.3689,10.4312
55.3689,10.4312
55.3689,10.4312
55.3689,10.4312
55.3689,10.4312
55.3689,10.4312
55.3689,10.4312
55.3689,10.4312
55.3689,10.4312
55.3689,10.4312
55.3689,10.4312
55.3689,10.4312
55.3689,10.4312
55.3689,10.4312
55.3689,10.4312
55.3689,10.4312
55.3689,10.4312
55.3689,10.4312
55.3689,10.4312
55.3689,10.4312
55.3689,10.4313
55.3689,10.4313
55.3689,10.4313
55.3689,10.4313
55.3689,10.4313
55.3689,10.4313
55.3689,10.4313
55.3689,10.4313
55.3689,10.4313
55.3689,10.4313
55.369,10.4313
55.369,10.4313
55.369,10.4313
55.369,10.4313
55.369,10.4313
55.369,10.4313
55.369,10.4313
55.369,10.4313
55.369,10.4313
55.369,10.4313
55.369,10.4313
55.369,10.4314
55.369,10.4314
55.369,10.4314
55.369,10.4314
55.369,10.4314
55.369,10.4314
55.369,10.4314
55.369,10.4314
55.369,10.4314
55.369,10.4314
55.369,10.4314
55.369,10.4314
55.369,10.4314
55.369,10.4314
55.369,10.4314
55.369,10.4314
55.369,10.4314
55.369,10.4314
55.369,10.4314
55.369,10.4314
55.369,10.4314
55.369,10.4315
55.369,10.4315
55.369,10.4315
55.369,10.4315
55.369,10.4315
55.369,10.4315
55.369,10.4315
55.369,10.4315
55.369,10.4315
55.369,10.4315
55.369,10.4315
55.369,10.4315
55.369,10.4315
55.369,10.4315
55.369,10.4315
55.369,10.4315
55.369,10.4315
55.369,10.4315
55.369,10.4315
55.369,10.4315
55.369,10.4315
55.369,10.4315
55.369,10.4315
55.369,10.4316
55.369,10.4316
55.369,10.4316
55.369,10.4316
55.369,10.4316
55.369,10.4316
55.369,10.4316
55.369,10.4316
55.369,10.4316
55.369,10.4316
55.369,10.4316
55.369,10.4316
55.369,10.4316
55.369,10.4316
55.369,10.4316
55.369,10.4316
55.369,10.4316
55.369,10.4316
55.369,10.4316
55.369,10.4316
55.369,10.4316
55.369,10.4316
55.369,10.4316
55.3689,10.4316
55.3689,10.4317
55.3689,10.4317
55.3689,10.4317
55.369,10.4317
55.369,10.4317
55.369,10.4317
55.369,10.4317
55.3689,10.4317
55.3689,10.4317
55.3689,10.4317
55.3689,10.4317
55.3689,10.4317
55.3689,10.4317
55.3689,10.4317
55.3689,10.4317
55.3689,10.4318
55.3689,10.4318
55.3689,10.4318
55.3689,10.4318
55.3689,10.4318
55.3689,10.4318
55.3689,10.4318
55.3689,10.4318
55.369,10.4318
55.369,10.4318
55.369,10.4318
55.369,10.4318
55.369,10.4318
55.369,10.4318
55.369,10.4318
55.369,10.4318
55.369,10.4318
55.369,10.4318
55.369,10.4318
55.369,10.4318
55.369,10.4318
55.369,10.4318
55.369,10.4318
55.369,10.4318
55.369,10.4318
55.369,10.4318
55.369,10.4318
55.369,10.4318
55.369,10.4318
55.369,10.4318
55.369,10.4318
55.369,10.4319
55.369,10.4319
55.369,10.4319
55.369,10.4319
55.369,10.4319
55.369,10.4319
55.369,10.4319
55.369,10.4319
55.369,10.4319
55.369,10.4319
55.369,10.4319
55.369,10.4319
55.369,10.4319
55.369,10.4319
55.369,10.4319
55.369,10.4319
55.369,10.4319
55.369,10.4319
55.369,10.4319
55.369,10.4319
55.369,10.432
55.369,10.432
55.369,10.432
55.369,10.432
55.369,10.432
55.369,10.432
55.369,10.432
55.369,10.432
55.369,10.432
55.369,10.432
55.369,10.432
55.369,10.432
55.369,10.432
55.369,10.432
55.369,10.432
55.369,10.432
55.369,10.432
55.369,10.432
55.369,10.432
55.369,10.432
55.369,10.432
55.369,10.432
55.369,10.4321
55.369,10.4321
55.369,10.4321
55.369,10.4321
55.369,10.4321
55.369,10.4321
55.369,10.4321
55.369,10.4321
55.369,10.4321
55.369,10.4321
55.369,10.4321
55.369,10.4321
55.369,10.4321
55.369,10.4321
55.369,10.4321
55.369,10.4321
55.369,10.4321
55.369,10.4321
55.369,10.4321
55.369,10.4321
55.369,10.4321
55.369,10.4321
55.369,10.4321
55.369,10.4321
55.369,10.4321
55.369,10.4321
55.369,10.4321
55.369,10.4321
55.369,10.4321
55.369,10.4321
55.369,10.4321
55.369,10.4321
55.369,10.4321
55.369,10.4321
55.369,10.4322
55.369,10.4321
55.369,10.4321
55.369,10.4322
55.369,10.4322
55.369,10.4322
55.369,10.4322
55.369,10.4322
55.369,10.4322
55.369,10.4322
55.369,10.4322
55.369,10.4322
55.369,10.4322
55.369,10.4322
55.369,10.4322
55.369,10.4322
55.369,10.4322
55.369,10.4322
55.369,10.4322
55.369,10.4322
55.369,10.4322
55.369,10.4322
55.369,10.4322
55.369,10.4322
55.369,10.4322
55.369,10.4322
55.369,10.4322
55.369,10.4322
55.369,10.4322
55.369,10.4322
55.369,10.4322
55.369,10.4322
55.369,10.4322
55.369,10.4323
55.369,10.4323
55.369,10.4323
55.369,10.4323
55.369,10.4323
55.369,10.4323
55.369,10.4323
55.369,10.4323
55.369,10.4323
55.369,10.4323
55.369,10.4323
55.369,10.4323
55.369,10.4323
55.369,10.4323
55.369,10.4323
55.369,10.4323
55.369,10.4323
55.369,10.4323
55.369,10.4323
55.369,10.4323
55.369,10.4323
55.369,10.4323
55.369,10.4323
55.369,10.4323
55.369,10.4323
55.369,10.4323
55.369,10.4323
55.369,10.4323
55.369,10.4323
55.369,10.4323
55.369,10.4323
55.369,10.4323
55.369,10.4323
55.369,10.4323
55.369,10.4323
55.369,10.4324
55.369,10.4324
55.369,10.4324
55.369,10.4324
55.369,10.4324
55.369,10.4324
55.369,10.4324
55.369,10.4324
55.369,10.4324
55.369,10.4324
55.369,10.4324
55.369,10.4324
55.369,10.4324
55.369,10.4324
55.369,10.4324
55.369,10.4324
55.369,10.4324
55.369,10.4324
55.369,10.4324
55.369,10.4324
55.369,10.4324
55.369,10.4324
55.369,10.4324
55.369,10.4324
55.369,10.4324
55.369,10.4324
55.369,10.4324
55.369,10.4324
55.369,10.4324
55.369,10.4324
55.369,10.4324
55.369,10.4324
55.369,10.4324
55.369,10.4324
55.369,10.4325
55.369,10.4325
55.369,10.4325
55.369,10.4325
55.369,10.4325
55.369,10.4325
55.369,10.4325
55.369,10.4325
55.369,10.4325
55.369,10.4325
55.369,10.4325
55.369,10.4325
55.369,10.4325
55.369,10.4325
55.369,10.4325
55.369,10.4325
55.369,10.4325
55.369,10.4325
55.369,10.4325
55.369,10.4325
55.369,10.4325
55.369,10.4325
55.369,10.4325
55.369,10.4325
55.369,10.4325
55.369,10.4325
55.369,10.4325
55.369,10.4325
55.369,10.4325
55.369,10.4325
55.369,10.4325
55.369,10.4325
55.369,10.4325
55.369,10.4325
55.369,10.4325
55.369,10.4325
55.369,10.4325
55.369,10.4325
55.369,10.4325
55.369,10.4325
55.369,10.4325
55.369,10.4325
55.369,10.4325
55.369,10.4325
55.369,10.4325
55.369,10.4325
55.369,10.4325
55.369,10.4325
55.369,10.4325
55.369,10.4325
55.369,10.4325
55.369,10.4325
55.369,10.4325
55.369,10.4325
55.369,10.4325
55.369,10.4325
55.369,10.4325
55.369,10.4325
55.3689,10.4325
55.3689,10.4325
55.3689,10.4325
55.3689,10.4325
55.3689,10.4325
55.3689,10.4325
55.3689,10.4325
55.3689,10.4325
55.3689,10.4325
55.3689,10.4325
55.3689,10.4325
55.3689,10.4325
55.3689,10.4325
55.3689,10.4325
55.3689,10.4325
55.3689,10.4325
55.3689,10.4325
55.3689,10.4325
55.3689,10.4325
55.3689,10.4325
55.3689,10.4325
55.3689,10.4325
55.3689,10.4325
55.3689,10.4325
55.3689,10.4325
55.3689,10.4325
55.3689,10.4325
55.3689,10.4325
55.3689,10.4325
55.3689,10.4325
55.3689,10.4325
55.3689,10.4325
55.3689,10.4325
55.3689,10.4325
55.3689,10.4325
55.3689,10.4325
55.3689,10.4325
55.3689,10.4325
55.3689,10.4325
55.3689,10.4325
55.3689,10.4325
55.3689,10.4325
55.3689,10.4325
55.3689,10.4325
55.3689,10.4325
55.3689,10.4325
55.3689,10.4325
55.3689,10.4325
55.3689,10.4325
55.3689,10.4325
55.3689,10.4325
55.3689,10.4325
55.3689,10.4325
55.3689,10.4325
55.3689,10.4325
55.3689,10.4325
55.3689,10.4325
55.3689,10.4325
55.3689,10.4325
55.3689,10.4325
55.3689,10.4325
55.3689,10.4325
55.3689,10.4325
55.3689,10.4325
55.3689,10.4325
55.3689,10.4325
55.3689,10.4325
55.3689,10.4325
55.3689,10.4325
55.3689,10.4325
55.3689,10.4325
55.3689,10.4325
55.3689,10.4325
55.3689,10.4325
55.3689,10.4325
55.3689,10.4325
55.3689,10.4325
55.3689,10.4325
55.3689,10.4325
55.3689,10.4325
55.3689,10.4325
55.3689,10.4325
55.3689,10.4325
55.3689,10.4325
55.3689,10.4325
55.3689,10.4325
55.3689,10.4325
55.3689,10.4325
55.3689,10.4325
55.3689,10.4325
55.3689,10.4325
55.3689,10.4325
55.3689,10.4325
55.3689,10.4325
55.3689,10.4325
55.3689,10.4325
55.3689,10.4325
55.3689,10.4325
55.3689,10.4325
55.3688,10.4325
55.3688,10.4325
55.3688,10.4325
55.3688,10.4325
55.3688,10.4325
55.3688,10.4325
55.3688,10.4325
55.3688,10.4325
55.3688,10.4325
55.3688,10.4325
55.3688,10.4325
55.3688,10.4325
55.3688,10.4325
55.3688,10.4325
55.3688,10.4325
55.3688,10.4325
55.3688,10.4325
55.3688,10.4325
55.3688,10.4325
55.3688,10.4325
55.3688,10.4325
55.3688,10.4325
55.3688,10.4325
55.3688,10.4325
55.3688,10.4325
55.3688,10.4325
55.3688,10.4325
55.3688,10.4325
55.3688,10.4325
55.3688,10.4325
55.3688,10.4325
55.3688,10.4325
55.3687,10.4325
55.3687,10.4325
55.3687,10.4325
55.3687,10.4325
55.3687,10.4325
55.3687,10.4325
55.3687,10.4325
55.3687,10.4325
55.3687,10.4325
55.3687,10.4325
55.3687,10.4325
55.3687,10.4325
55.3687,10.4325
55.3687,10.4325
55.3687,10.4325
55.3687,10.4325
55.3687,10.4325
55.3687,10.4325
55.3687,10.4325
55.3687,10.4325
55.3687,10.4325
55.3687,10.4325
55.3687,10.4325
55.3687,10.4325
55.3687,10.4325
55.3687,10.4325
55.3687,10.4325
55.3687,10.4325
55.3687,10.4325
55.3687,10.4325
55.3687,10.4325
55.3687,10.4325
55.3687,10.4325
55.3687,10.4325
55.3687,10.4325
55.3687,10.4325
55.3687,10.4325
55.3687,10.4325
55.3687,10.4325
55.3687,10.4325
55.3687,10.4325
55.3687,10.4325
55.3687,10.4325
55.3687,10.4325
55.3687,10.4325
55.3687,10.4325
55.3687,10.4325
55.3687,10.4325
55.3687,10.4325
55.3687,10.4325
55.3687,10.4325
55.3687,10.4325
55.3687,10.4325
55.3687,10.4325
55.3687,10.4325
55.3687,10.4325
55.3687,10.4325
55.3687,10.4325
55.3687,10.4325
55.3687,10.4325
55.3687,10.4325
55.3687,10.4325
55.3687,10.4325
55.3687,10.4325
55.3687,10.4325
55.3687,10.4325
55.3687,10.4325
55.3687,10.4325
55.3687,10.4325
55.3687,10.4325
55.3687,10.4325
55.3687,10.4325
55.3687,10.4325
55.3687,10.4325
55.3687,10.4325
55.3687,10.4325
55.3687,10.4325
55.3687,10.4325
55.3687,10.4325
55.3687,10.4325
55.3687,10.4325
55.3687,10.4325
55.3687,10.4325
55.3687,10.4325
55.3687,10.4325
55.3687,10.4326
55.3687,10.4326
55.3687,10.4326
55.3687,10.4326
55.3687,10.4326
55.3687,10.4326
55.3687,10.4326
55.3687,10.4326
55.3687,10.4326
55.3687,10.4326
55.3687,10.4326
55.3687,10.4326
55.3687,10.4326
55.3687,10.4326
55.3687,10.4326
55.3687,10.4326
55.3687,10.4326
55.3687,10.4326
55.3687,10.4326
55.3687,10.4326
55.3686,10.4326
55.3686,10.4326
55.3686,10.4326
55.3686,10.4326
55.3686,10.4326
55.3686,10.4326
55.3686,10.4326
55.3686,10.4326
55.3686,10.4326
55.3686,10.4326
55.3686,10.4326
55.3686,10.4326
55.3686,10.4326
55.3686,10.4326
55.3686,10.4326
55.3686,10.4326
55.3686,10.4326
55.3686,10.4326
55.3686,10.4326
55.3686,10.4326
55.3686,10.4326
55.3686,10.4326
55.3686,10.4326
55.3686,10.4326
55.3686,10.4326
55.3686,10.4326
55.3686,10.4326
55.3686,10.4326
55.3686,10.4326
55.3686,10.4326
55.3686,10.4326
55.3686,10.4326
55.3686,10.4326
55.3686,10.4326
55.3686,10.4326
55.3686,10.4326
55.3686,10.4326
55.3686,10.4326
55.3686,10.4326
55.3685,10.4326
55.3685,10.4326
55.3685,10.4326
55.3685,10.4326
55.3685,10.4326
55.3685,10.4326
55.3685,10.4326
55.3685,10.4326
55.3685,10.4326
55.3685,10.4326
55.3685,10.4326
55.3685,10.4326
55.3685,10.4326
55.3685,10.4326
55.3685,10.4326
55.3685,10.4326
55.3685,10.4326
55.3685,10.4326
55.3685,10.4326
55.3685,10.4326
55.3685,10.4326
55.3685,10.4326
55.3685,10.4326
55.3685,10.4326
55.3685,10.4326
55.3685,10.4326
55.3685,10.4326
55.3685,10.4326
55.3685,10.4326
55.3685,10.4326
55.3685,10.4326
55.3685,10.4326
55.3685,10.4326
55.3685,10.4326
55.3685,10.4326
55.3685,10.4326
55.3685,10.4326
55.3685,10.4326
55.3685,10.4326
55.3684,10.4326
55.3684,10.4326
55.3684,10.4326
55.3684,10.4326
55.3684,10.4326
55.3684,10.4326
55.3684,10.4326
55.3684,10.4326
55.3684,10.4326
55.3684,10.4326
55.3684,10.4326
55.3684,10.4326
55.3684,10.4326
55.3684,10.4326
55.3684,10.4326
55.3684,10.4326
55.3684,10.4326
55.3684,10.4326
55.3684,10.4326
55.3684,10.4326
55.3684,10.4326
55.3684,10.4326
55.3684,10.4326
55.3684,10.4326
55.3684,10.4326
55.3684,10.4326
55.3684,10.4326
55.3684,10.4326
55.3684,10.4326
55.3684,10.4326
55.3684,10.4326
55.3684,10.4326
55.3684,10.4326
55.3683,10.4326
55.3683,10.4326
55.3683,10.4326
55.3683,10.4326
55.3683,10.4326
55.3683,10.4326
55.3683,10.4326
55.3683,10.4326
55.3683,10.4326
55.3683,10.4326
55.3683,10.4326
55.3683,10.4326
55.3683,10.4326
55.3683,10.4326
55.3683,10.4326
55.3683,10.4326
55.3683,10.4326
55.3683,10.4326
55.3683,10.4326
55.3683,10.4326
55.3683,10.4326
55.3683,10.4326
55.3683,10.4326
55.3683,10.4326
55.3683,10.4326
55.3683,10.4326
55.3683,10.4326
55.3683,10.4326
55.3683,10.4326
55.3683,10.4326
55.3683,10.4326
55.3683,10.4326
55.3683,10.4326
55.3683,10.4326
55.3683,10.4326
55.3683,10.4326
55.3683,10.4326
55.3683,10.4326
55.3683,10.4326
55.3683,10.4326
55.3683,10.4326
55.3683,10.4326
55.3682,10.4326
55.3682,10.4326
55.3682,10.4326
55.3682,10.4326
55.3682,10.4326
55.3682,10.4326
55.3682,10.4326
55.3682,10.4326
55.3682,10.4326
55.3682,10.4326
55.3682,10.4326
55.3682,10.4326
55.3682,10.4326
55.3682,10.4326
55.3682,10.4326
55.3682,10.4326
55.3682,10.4326
55.3682,10.4326
55.3682,10.4326
55.3682,10.4326
55.3682,10.4326
55.3682,10.4326
55.3682,10.4326
55.3682,10.4326
55.3682,10.4326
55.3682,10.4326
55.3682,10.4326
55.3682,10.4326
55.3682,10.4326
55.3682,10.4326
55.3682,10.4326
55.3682,10.4326
55.3682,10.4326
55.3682,10.4326
55.3682,10.4326
55.3682,10.4326
55.3682,10.4326
55.3682,10.4326
55.3682,10.4326
55.3682,10.4326
55.3682,10.4326
55.3682,10.4326
55.3682,10.4326
55.3682,10.4326
55.3681,10.4326
55.3681,10.4326
55.3681,10.4326
55.3681,10.4326
55.3681,10.4326
55.3681,10.4326
55.3682,10.4326
55.3681,10.4326
55.3681,10.4326
55.3681,10.4326
55.3681,10.4326
55.3681,10.4326
55.3681,10.4326
55.3681,10.4326
55.3681,10.4326
55.3681,10.4326
55.3681,10.4326
55.3681,10.4326
55.3681,10.4326
55.3681,10.4326
55.3681,10.4326
55.3681,10.4326
55.3681,10.4326
55.3681,10.4326
55.3681,10.4326
55.3681,10.4326
55.3681,10.4326
55.3681,10.4326
55.3681,10.4326
55.3681,10.4326
55.3681,10.4326
55.3681,10.4326
55.3681,10.4326
55.3681,10.4326
55.3681,10.4326
55.3681,10.4326
55.3681,10.4326
55.3681,10.4326
55.3681,10.4326
55.3681,10.4326
55.3681,10.4326
55.3681,10.4326
55.3681,10.4326
55.3681,10.4326
55.3681,10.4326
55.3681,10.4326
55.3681,10.4326
55.3681,10.4326
55.3681,10.4326
55.3681,10.4326
55.3681,10.4326
55.3681,10.4326
55.3681,10.4326
55.3681,10.4326
55.3681,10.4326
55.3681,10.4326
55.3681,10.4325
55.3681,10.4325
55.3681,10.4325
55.3681,10.4325
55.3681,10.4325
55.3681,10.4325
55.3681,10.4325
55.3681,10.4325
55.3681,10.4325
55.3681,10.4325
55.3681,10.4325
55.3681,10.4325
55.3681,10.4325
55.3681,10.4325
55.3681,10.4325
55.3681,10.4325
55.3681,10.4325
55.3681,10.4325
55.3681,10.4325
55.3681,10.4325
55.3681,10.4324
55.3681,10.4325
55.3681,10.4324
55.3681,10.4324
55.3681,10.4324
55.3681,10.4324
55.3681,10.4325
55.3681,10.4325
55.3681,10.4325
55.3681,10.4325
55.3681,10.4324
55.3681,10.4324
55.3681,10.4324
55.368,10.4324
55.368,10.4324
55.3681,10.4324
55.3681,10.4324
55.3681,10.4324
55.368,10.4324
55.368,10.4324
55.368,10.4324
55.368,10.4324
55.368,10.4324
55.368,10.4324
55.368,10.4324
55.368,10.4324
55.368,10.4324
55.368,10.4324
55.368,10.4324
55.368,10.4323
55.368,10.4324
55.368,10.4323
55.368,10.4323
55.368,10.4323
55.368,10.4323
55.368,10.4323
55.368,10.4323
55.368,10.4323
55.368,10.4323
55.368,10.4323
55.368,10.4323
55.368,10.4323
55.368,10.4323
55.368,10.4323
55.368,10.4323
55.368,10.4323
55.368,10.4323
55.368,10.4323
55.368,10.4323
55.368,10.4323
55.368,10.4323
55.368,10.4323
55.368,10.4322
55.368,10.4322
55.368,10.4322
55.368,10.4322
55.368,10.4322
55.368,10.4322
55.368,10.4322
55.368,10.4322
55.368,10.4322
55.368,10.4322
55.368,10.4322
55.368,10.4322
55.368,10.4322
55.368,10.4322
55.368,10.4322
55.368,10.4322
55.368,10.4322
55.368,10.4322
55.368,10.4322
55.368,10.4322
55.368,10.4322
55.368,10.4322
55.368,10.4321
55.368,10.4321
55.368,10.4321
55.368,10.4321
55.368,10.4321
55.368,10.4321
55.368,10.4321
55.368,10.4321
55.368,10.4321
55.368,10.4321
55.368,10.4321
55.368,10.4321
55.368,10.4321
55.368,10.4321
55.368,10.4321
55.368,10.4321
55.368,10.4321
55.368,10.4321
55.368,10.4321
55.368,10.4321
55.368,10.4321
55.368,10.4321
55.368,10.4321
55.368,10.4321
55.368,10.4321
55.368,10.4321
55.368,10.4321
55.368,10.432
55.368,10.432
55.368,10.432
55.368,10.432
55.368,10.432
55.368,10.432
55.368,10.432
55.368,10.432
55.368,10.432
55.368,10.432
55.368,10.432
55.368,10.432
55.368,10.432
55.368,10.432
55.368,10.432
55.368,10.432
55.368,10.432
55.368,10.432
55.368,10.432
55.368,10.4319
55.368,10.4319
55.368,10.4319
55.368,10.4319
55.368,10.4319
55.368,10.4319
55.368,10.4319
55.368,10.4319
55.368,10.4319
55.368,10.4319
55.368,10.4319
55.368,10.4319
55.368,10.4319
55.368,10.4319
55.368,10.4319
55.368,10.4319
55.368,10.4319
55.368,10.4319
55.368,10.4318
55.368,10.4318
55.368,10.4318
55.368,10.4318
55.368,10.4318
55.368,10.4318
55.368,10.4318
55.368,10.4318
55.368,10.4318
55.368,10.4318
55.368,10.4318
55.368,10.4318
55.368,10.4318
55.368,10.4318
55.368,10.4318
55.368,10.4318
55.368,10.4318
55.368,10.4318
55.368,10.4318
55.368,10.4318
55.368,10.4318
55.368,10.4318
55.3679,10.4318
55.3679,10.4318
55.3679,10.4318
55.3679,10.4318
55.3679,10.4318
55.3679,10.4318
55.3679,10.4318
55.3679,10.4318
55.3679,10.4318
55.368,10.4317
55.368,10.4318
55.368,10.4318
55.368,10.4318
55.368,10.4318
55.368,10.4318
55.368,10.4318
55.368,10.4318
55.368,10.4318
55.368,10.4318
55.368,10.4318
55.368,10.4318
55.368,10.4318
55.368,10.4318
55.368,10.4318
55.368,10.4318
55.368,10.4318
55.368,10.4318
55.368,10.4318
55.368,10.4318
55.368,10.4318
55.368,10.4318
55.368,10.4318
55.368,10.4318
55.368,10.4318
55.368,10.4318
55.368,10.4318
55.368,10.4318
55.368,10.4318
55.368,10.4318
55.368,10.4318
55.368,10.4318
55.368,10.4318
55.368,10.4318
55.368,10.4318
55.368,10.4318
55.368,10.4318
55.368,10.4318
55.368,10.4318
55.368,10.4318
55.368,10.4318
55.368,10.4318
55.368,10.4318